621
47.442
86.5316
9.48256
10.046
38.3513
30.2461
65.7463
80.9286
13.257
5.24568
5.43689
45.8258
78.1087
69.2384
44.3118
11.9992
59.0047
57.9056
53.0369
59.545
36.2555
30.4981
88.8835
47.7108
17.065
61.0119
52.6221
61.9306
59.66
23.4423
82.9978
7.10201
9.97386
92.3804
17.048
48.2252
22.6265
82.6943
29.1538
35.7836
87.8399
34.4907
81.5094
65.9487
3.72911
25.8211
77.8479
62.6338
83.6268
30.8848
22.1788
19.8823
61.283
11.0623
67.4931
78.248
71.9742
20.1152
40.1786
31.6342
43.4575
23.1765
38.6362
53.3313
15.5569
55.5842
1.55648
38.0834
38.2785
30.6103
73.767
26.1184
65.0009
55.2764
91.9671
68.63
80.9976
69.815
31.2639
64.6243
0.699877
53.3427
84.4066
61.8828
64.305
51.8996
40.1308
36.2792
71.9148
80.2095
67.8135
15.3723
3.38598
6.4497
68.6036
18.8429
61.9339
70.0601
56.8263
0.212435
0.670343
30.5934
26.2309
65.5713
85.7698
18.198
34.2013
66.7673
87.913
65.3652
31.3916
88.5129
18.7079
15.7982
50.3958
82.9128
67.5978
90.4266
19.1921
39.5127
70.6361
86.9055
54.785
73.922
93.2552
23.3886
92.6649
55.1891
93.3487
49.4912
55.3016
93.919
79.9846
81.4325
59.4903
65.7544
99.5305
93.5916
32.5217
87.4435
58.9568
63.8133
75.9564
77.5646
79.5115
26.3522
60.4774
47.1094
16.7788
79.5695
86.522
87.3148
66.475
41.307
61.2369
59.7302
64.5956
53.9018
14.9194
57.9442
3.39304
70.1209
51.8633
83.2776
51.5534
11.3535
49.032
51.0839
4.94512
81.4537
38.5274
63.8019
45.267
14.4838
41.3665
24.7786
40.736
1.84391
71.7879
57.4147
81.3134
58.31
44.7296
47.7884
99.517
5.96645
7.51862
64.1126
59.7682
22.338
22.0568
63.0613
92.3589
73.8201
46.3389
43.9123
85.0736
95.271
94.8962
89.9187
76.7247
33.4236
53.7206
21.9917
47.8074
94.9871
46.6702
88.4433
96.731
18.4582
45.8581
78.0444
76.6681
90.4877
25.8328
76.1851
96.3541
33.2514
40.2976
56.1224
55.4894
62.2544
19.1837
47.8483
36.0745
65.4226
91.6606
21.1481
60.6936
86.5568
11.0668
37.4182
19.9804
64.6874
59.3099
67.6877
59.6744
5.98016
56.1311
56.4054
24.3383
1.98918
34.4498
1.00644
92.3769
60.1825
77.0915
88.731
93.3339
17.3892
44.8534
48.8233
79.5436
63.937
96.5716
15.6181
29.3596
88.2322
36.6662
89.9532
74.789
47.633
27.3714
94.6694
12.3203
86.5813
62.3571
71.8948
92.4615
18.4882
28.3001
16.7998
20.3774
62.6499
17.7063
12.7543
22.8324
94.6978
1.48524
16.1664
12.0869
46.2386
64.8897
91.5305
10.1756
61.4612
7.14864
39.4352
49.6935
43.7148
29.3884
24.4825
91.2478
56.6598
19.1519
3.56816
43.2412
81.409
75.3629
35.7027
99.7972
3.66308
52.4025
20.1746
66.213
70.0087
32.8289
88.9454
64.7065
34.2141
5.11177
76.6934
80.3527
69.9014
68.224
90.4283
31.3627
75.2726
29.8635
80.9561
18.9875
59.1519
5.4386
10.2353
15.8118
24.4904
13.7034
58.9529
5.89942
88.9664
94.5556
5.69662
92.5294
46.9581
25.7712
58.7424
16.9668
58.5001
47.6878
81.5733
92.6141
52.6996
58.2668
72.9668
22.601
26.4908
63.3951
53.8637
1.76339
93.1587
34.8198
20.6508
52.3106
40.1584
30.7861
68.0224
64.5489
44.3896
26.9753
70.3483
33.3559
21.5309
75.9449
25.8854
68.389
1.71613
84.5278
85.2559
60.1162
32.2156
66.8292
52.7303
84.8152
25.096
25.6972
7.41624
51.4868
88.9923
61.18
53.1502
82.1509
95.8998
73.701
34.4615
36.0582
4.48714
2.48393
0.607113
48.7767
29.3593
70.8554
82.0326
50.7902
46.8003
7.91796
19.1793
48.4165
92.3457
4.43513
8.53266
24.5613
71.1644
61.163
9.37655
96.1604
86.7602
16.6928
47.6471
75.7525
77.7727
0.797313
57.9034
73.6725
74.3983
92.2649
9.73077
78.7855
94.6489
10.2379
27.5622
24.0081
80.9933
9.59477
74.6984
27.7936
17.4127
93.7776
76.1101
9.75847
98.1127
84.5428
34.2198
69.2771
45.7058
43.4964
65.4375
32.4659
60.0892
13.0846
8.21838
37.8619
13.7819
66.0218
11.5345
88.0802
58.2867
21.1652
66.8657
52.9356
31.3031
94.3279
76.8437
12.2964
3.92266
51.5421
39.9901
21.2354
45.3197
16.1002
30.8939
43.4325
0.642946
65.0137
12.7096
46.2487
8.51005
78.047
78.6146
68.4992
91.0316
86.733
6.36113
4.81354
52.7548
17.7956
92.7938
11.0415
38.8608
59.6595
63.8771
70.0639
53.9874
40.7208
82.2603
57.8101
92.1629
22.2504
78.9454
37.4827
38.2506
9.83931
80.8151
38.7935
74.753
93.4247
84.9422
83.163
71.4717
63.5569
51.6622
62.5034
50.2899
57.9234
67.2169
3.04467
75.619
60.0107
13.9862
14.4798
19.6702
77.7633
84.4437
73.5576
18.4841
66.704
31.3677
10.6471
88.8544
10.3131
48.0297
27.105
20.0524
28.8449
65.7985
94.7054
22.2696
50.7408
77.8684
93.6413
14.2976
29.5307
56.1446
64.4875
87.354
23.3615
67.4322
62.973
83.2722
81.3184
77.3528
2.94241
59.0817
61.7965
76.4
77.4658
28.5005
7.76766
88.0129
17.3549
17.9808
36.0426
44.36
37.9332
64.7875
10.1585
32.6386
86.957
60.7993
10.507
80.5983
74.9969
39.9377
36.743
39.4845
27.2917
60.0045
6.91666
90.1647
43.2767
88.135
67.5175
46.1191
47.2167
29.3139
22.5191
24.6825
57.7144
30.1868
12.6954
74.9694
48.0675
48.638
19.3293
85.9007
13.4255
29.3878
18.5393
0.382497
90.0871
28.9463
80.8808
65.084
68.784
17.6238
4.56847
95.9757
77.5282
11.3851
86.1404
20.8049
99.4202
53.6578
66.824
46.6369
82.8718
89.2431
71.2194
40.5862
19.4299
83.8148
15.5556
67.3975
32.4528
34.7849
53.2982
45.7782
64.0727
71.7374
46.0607
54.1598
0.683735
